a <- 70
b <- 120

#1
a >= 100 & b < 100

#2
a <= 100 | b < 100

#3
(a > 60 & a < 80) & (b > 80 & b <90)
